G'oulburn Valley,LOCATION,18800117-346-88880196 (1 of 1).txt
Elmore,PERSON,18800117-346-88880196 (1 of 1).txt
Westcott Bros,PERSON,18800117-346-88880196 (1 of 1).txt
