Gippsland West,LOCATION,18980408-139-67435205 (1 of 1).txt
Turuer,PERSON,18980408-139-67435205 (1 of 1).txt
Forest Commission,ORGANIZATION,18980408-139-67435205 (1 of 1).txt
Gippsland,LOCATION,18980408-139-67435205 (1 of 1).txt
McNeil,PERSON,18980408-139-67435205 (1 of 1).txt
Turner,PERSON,18980408-139-67435205 (1 of 1).txt
Turner,PERSON,18980408-139-67435205 (1 of 1).txt
Doyle,PERSON,18980408-139-67435205 (1 of 1).txt
Mern,PERSON,18980408-139-67435205 (1 of 1).txt
Rice,PERSON,18980408-139-67435205 (1 of 1).txt
Monger,PERSON,18980408-139-67435205 (1 of 1).txt
Bolton,PERSON,18980408-139-67435205 (1 of 1).txt
Rice,PERSON,18980408-139-67435205 (1 of 1).txt
